1754
 -9.95000000e-01 8.50000024e-01
 -9.94949957e-01 8.50008677e-01
 -9.88697356e-01 8.51071012e-01
 -9.82450280e-01 8.52095010e-01
 -9.76158705e-01 8.53088342e-01
 -9.69923834e-01 8.54034785e-01
 -9.63645299e-01 8.54949525e-01
 -9.57423330e-01 8.55817862e-01
 -9.51158688e-01 8.56653552e-01
 -9.44951358e-01 8.57443177e-01
 -9.38702082e-01 8.58199285e-01
 -9.32510004e-01 8.58909880e-01
 -9.26276553e-01 8.59586216e-01
 -9.20100476e-01 8.60217585e-01
 -9.13883591e-01 8.60813957e-01
 -9.07724419e-01 8.61365918e-01
 -9.01574066e-01 8.61878319e-01
 -8.95383758e-01 8.62354768e-01
 -8.89251927e-01 8.62787712e-01
 -8.83080268e-01 8.63184177e-01
 -8.76967069e-01 8.63537893e-01
 -8.70814379e-01 8.63854616e-01
 -8.64720322e-01 8.64129350e-01
 -8.58587597e-01 8.64366561e-01
 -8.52513342e-01 8.64562612e-01
 -8.46400994e-01 8.64720702e-01
 -8.40347058e-01 8.64838508e-01
 -8.34255048e-01 8.64918014e-01
 -8.28221834e-01 8.64958071e-01
 -8.22198941e-01 8.64959667e-01
 -8.16138214e-01 8.64922515e-01
 -8.10136295e-01 8.64847329e-01
 -8.04097020e-01 8.64733115e-01
 -7.98116022e-01 8.64581919e-01
 -7.92097935e-01 8.64391484e-01
 -7.86138596e-01 8.64165027e-01
 -7.80142383e-01 8.63899165e-01
 -7.74204429e-01 8.63598380e-01
 -7.68229584e-01 8.63258094e-01
 -7.62312798e-01 8.62883965e-01
 -7.56406441e-01 8.62473687e-01
 -7.50463648e-01 8.62023817e-01
 -7.44578704e-01 8.61541766e-01
 -7.38657711e-01 8.61020106e-01
 -7.32794337e-01 8.60467432e-01
 -7.26894668e-01 8.59875208e-01
 -7.21051976e-01 8.59253155e-01
 -7.15172921e-01 8.58591638e-01
 -7.09351224e-01 8.57901483e-01
 -7.03493551e-01 8.57171994e-01
 -6.97692677e-01 8.56415114e-01
 -6.91855679e-01 8.55619083e-01
 -6.86074784e-01 8.54796906e-01
 -6.80304243e-01 8.53942755e-01
 -6.74497639e-01 8.53049805e-01
 -6.68746835e-01 8.52132616e-01
 -6.62959747e-01 8.51176922e-01
 -6.57228416e-01 8.50198299e-01
 -6.51461109e-01 8.49181503e-01
 -6.45749005e-01 8.48143090e-01
 -6.40000479e-01 8.47066863e-01
 -6.34306799e-01 8.45970337e-01
 -6.28577134e-01 8.44836465e-01
 -6.22901957e-01 8.43683636e-01
 -6.17190367e-01 8.42493870e-01
 -6.11533201e-01 8.41286553e-01
 -6.05884511e-01 8.40052803e-01
 -6.00199343e-01 8.38782879e-01
 -5.94567732e-01 8.37497439e-01
 -5.88899458e-01 8.36176419e-01
 -5.83284596e-01 8.34841267e-01
 -5.77633319e-01 8.33471136e-01
 -5.72035129e-01 8.32088258e-01
 -5.66400179e-01 8.30671062e-01
 -5.60817483e-01 8.29242530e-01
 -5.55197890e-01 8.27780343e-01
 -5.49630691e-01 8.26308219e-01
 -5.44071183e-01 8.24815180e-01
 -5.38474535e-01 8.23289535e-01
 -5.32929424e-01 8.21756079e-01
 -5.27347474e-01 8.20190822e-01
 -5.21816936e-01 8.18619112e-01
 -5.16249132e-01 8.17016414e-01
 -5.10732335e-01 8.15408696e-01
 -5.05177961e-01 8.13770761e-01
 -4.99674560e-01 8.12129190e-01
 -4.94133976e-01 8.10458326e-01
 -4.88643864e-01 8.08785184e-01
 -4.83116256e-01 8.07083618e-01
 -4.77638597e-01 8.05381170e-01
 -4.72167200e-01 8.03664983e-01
 -4.66658217e-01 8.01921722e-01
 -4.61199130e-01 8.00179611e-01
 -4.55702523e-01 7.98411354e-01
 -4.50255465e-01 7.96645622e-01
 -4.44770624e-01 7.94854691e-01
 -4.39335062e-01 7.93067588e-01
 -4.33861899e-01 7.91256313e-01
 -4.28437592e-01 7.89450123e-01
 -4.22975575e-01 7.87620771e-01
 -4.17562467e-01 7.85797823e-01
 -4.12155006e-01 7.83967359e-01
 -4.06709779e-01 7.82115190e-01
 -4.01313289e-01 7.80271309e-01
 -3.95878903e-01 7.78406751e-01
 -3.90492948e-01 7.76551696e-01
 -3.85069427e-01 7.74677015e-01
 -3.79694019e-01 7.72813000e-01
 -3.74280834e-01 7.70930382e-01
 -3.68916115e-01 7.69059625e-01
 -3.63513725e-01 7.67171293e-01
 -3.58159391e-01 7.65295920e-01
 -3.52767373e-01 7.63404036e-01
 -3.47423073e-01 7.61526203e-01
 -3.42084081e-01 7.59647946e-01
 -3.36707620e-01 7.57754732e-01
 -3.31378812e-01 7.55877111e-01
 -3.26012530e-01 7.53985592e-01
 -3.20694087e-01 7.52110694e-01
 -3.15338170e-01 7.50222946e-01
 -3.10029742e-01 7.48352769e-01
 -3.04684168e-01 7.46470759e-01
 -2.99386149e-01 7.44607254e-01
 -2.94050931e-01 7.42732911e-01
 -2.88762983e-01 7.40877992e-01
 -2.83438118e-01 7.39013291e-01
 -2.78160710e-01 7.37168825e-01
 -2.72888398e-01 7.35330226e-01
 -2.67579008e-01 7.33483363e-01
 -2.62316907e-01 7.31657942e-01
 -2.57018041e-01 7.29825220e-01
 -2.51766491e-01 7.28014691e-01
 -2.46478125e-01 7.26197795e-01
 -2.41236999e-01 7.24403856e-01
 -2.35959413e-01 7.22604545e-01
 -2.30728986e-01 7.20828828e-01
 -2.25461944e-01 7.19048700e-01
 -2.20242083e-01 7.17292767e-01
 -2.14985910e-01 7.15533370e-01
 -2.09776809e-01 7.13798799e-01
 -2.04573022e-01 7.12075395e-01
 -1.99332983e-01 7.10349922e-01
 -1.94139816e-01 7.08650066e-01
 -1.88910554e-01 7.06949034e-01
 -1.83728356e-01 7.05274127e-01
 -1.78510213e-01 7.03598911e-01
 -1.73338917e-01 7.01950330e-01
 -1.68131591e-01 7.00302282e-01
 -1.62971038e-01 6.98681273e-01
 -1.57774833e-01 6.97061657e-01
 -1.52625403e-01 6.95469521e-01
 -1.47440288e-01 6.93879626e-01
 -1.42301783e-01 6.92317534e-01
 -1.37127600e-01 6.90758528e-01
 -1.31999933e-01 6.89227641e-01
 -1.26877738e-01 6.87712731e-01
 -1.21720099e-01 6.86202105e-01
 -1.16608864e-01 6.84720062e-01
 -1.11462367e-01 6.83243092e-01
 -1.06362234e-01 6.81794955e-01
 -1.01226806e-01 6.80352723e-01
 -9.61375196e-02 6.78939459e-01
 -9.10129246e-02 6.77532888e-01
 -8.59344441e-02 6.76155521e-01
 -8.08208196e-02 6.74785614e-01
 -7.57531831e-02 6.73445062e-01
 -7.06504473e-02 6.72112693e-01
 -6.55935520e-02 6.70809846e-01
 -6.05418997e-02 6.69526120e-01
 -5.54550803e-02 6.68251644e-01
 -5.04140186e-02 6.67006882e-01
 -4.53379057e-02 6.65772161e-01
 -4.03071983e-02 6.64567156e-01
 -3.52414963e-02 6.63372934e-01
 -3.02212302e-02 6.62208585e-01
 -2.51659357e-02 6.61055655e-01
 -2.01557602e-02 6.59932647e-01
 -1.51104473e-02 6.58821734e-01
 -1.01101541e-02 6.57740783e-01
 -5.07491570e-03 6.56672679e-01
 -8.45058212e-05 6.55634516e-01
 4.90119991e-03 6.54617938e-01
 9.92183276e-03 6.53615276e-01
 1.48980564e-02 6.52642508e-01
 1.99094112e-02 6.51684306e-01
 2.48763244e-02 6.50756109e-01
 2.98785072e-02 6.49843129e-01
 3.48364852e-02 6.48960060e-01
 3.98297217e-02 6.48092966e-01
 4.47789924e-02 6.47255691e-01
 4.97635049e-02 6.46435117e-01
 5.47043692e-02 6.45644303e-01
 5.96806868e-02 6.44870858e-01
 6.46136005e-02 6.44127130e-01
 6.95818710e-02 6.43401461e-01
 7.45068805e-02 6.42705484e-01
 7.94281740e-02 6.42033515e-01
 8.43852664e-02 6.41380561e-01
 8.92995308e-02 6.40757222e-01
 9.42496527e-02 6.40153611e-01
 9.91570287e-02 6.39579556e-01
 1.04100423e-01 6.39025939e-01
 1.09001443e-01 6.38501765e-01
 1.13938659e-01 6.37998759e-01
 1.18833817e-01 6.37525072e-01
 1.23765379e-01 6.37073292e-01
 1.28655247e-01 6.36650727e-01
 1.33581722e-01 6.36250786e-01
 1.38466659e-01 6.35879990e-01
 1.43349315e-01 6.35535226e-01
 1.48268937e-01 6.35214172e-01
 1.53147537e-01 6.34922131e-01
 1.58063339e-01 6.34654560e-01
 1.62938452e-01 6.34415897e-01
 1.67851176e-01 6.34202415e-01
 1.72723556e-01 6.34017721e-01
 1.77633685e-01 6.33859050e-01
 1.82503851e-01 6.33729051e-01
 1.87412164e-01 6.33625796e-01
 1.92280913e-01 6.33551112e-01
 1.97188039e-01 6.33504001e-01
 2.02055938e-01 6.33485323e-01
 2.06923748e-01 6.33494806e-01
 2.11830550e-01 6.33533018e-01
 2.16698703e-01 6.33599522e-01
 2.21606320e-01 6.33695561e-01
 2.26475725e-01 6.33819751e-01
 2.31385019e-01 6.33974262e-01
 2.36256550e-01 6.34156819e-01
 2.41168446e-01 6.34370486e-01
 2.46043004e-01 6.34612079e-01
 2.50958408e-01 6.34885606e-01
 2.55836869e-01 6.35186907e-01
 2.60756738e-01 6.35520970e-01
 2.65640207e-01 6.35882606e-01
 2.70526645e-01 6.36274550e-01
 2.75455285e-01 6.36700443e-01
 2.80348085e-01 6.37153743e-01
 2.85283672e-01 6.37641784e-01
 2.90184050e-01 6.38157028e-01
 2.95127884e-01 6.38707816e-01
 3.00037021e-01 6.39285576e-01
 3.04990277e-01 6.39899694e-01
 3.09909324e-01 6.40540524e-01
 3.14873241e-01 6.41218492e-01
 3.19803524e-01 6.41922920e-01
 3.24739760e-01 6.42659193e-01
 3.29721968e-01 6.43433697e-01
 3.34671173e-01 6.44234266e-01
 3.39667026e-01 6.45073796e-01
 3.44630574e-01 6.45939027e-01
 3.49641623e-01 6.46843876e-01
 3.54620925e-01 6.47774087e-01
 3.59648431e-01 6.48744549e-01
 3.64644725e-01 6.49739973e-01
 3.69690123e-01 6.50776288e-01
 3.74704907e-01 6.51837020e-01
 3.79769509e-01 6.52939268e-01
 3.84803929e-01 6.54065466e-01
 3.89848745e-01 6.55224212e-01
 3.94944746e-01 6.56425138e-01
 4.00011478e-01 6.57649150e-01
 4.05130364e-01 6.58915765e-01
 4.10220613e-01 6.60204736e-01
 4.15363718e-01 6.61536703e-01
 4.20478544e-01 6.62890347e-01
 4.25647264e-01 6.64287163e-01
 4.30788351e-01 6.65704867e-01
 4.35984248e-01 6.67165922e-01
 4.41152778e-01 6.68647019e-01
 4.46335478e-01 6.70159350e-01
 4.51574511e-01 6.71715138e-01
 4.56786951e-01 6.73289416e-01
 4.62056357e-01 6.74907172e-01
 4.67299488e-01 6.76542353e-01
 4.72600697e-01 6.78220770e-01
 4.77876056e-01 6.79915421e-01
 4.83210172e-01 6.81653051e-01
 4.88518740e-01 6.83405685e-01
 4.93886909e-01 6.85200894e-01
 4.99229964e-01 6.87009712e-01
 5.04633331e-01 6.88860581e-01
 5.10011698e-01 6.90723599e-01
 5.15408112e-01 6.92612816e-01
 5.20866001e-01 6.94543117e-01
 5.26298968e-01 6.96483234e-01
 5.31794181e-01 6.98463567e-01
 5.37264765e-01 7.00452001e-01
 5.42798104e-01 7.02479741e-01
 5.48306612e-01 7.04513849e-01
 5.53878687e-01 7.06586107e-01
 5.59425827e-01 7.08662886e-01
 5.65037123e-01 7.10776611e-01
 5.70623256e-01 7.12892940e-01
 5.76273926e-01 7.15044890e-01
 5.81899337e-01 7.17197434e-01
 5.87544164e-01 7.19366719e-01
 5.93254043e-01 7.21569393e-01
 5.98938104e-01 7.23769573e-01
 6.04687358e-01 7.26001535e-01
 6.10410591e-01 7.28228827e-01
 6.16199273e-01 7.30486187e-01
 6.21961212e-01 7.32736725e-01
 6.27788779e-01 7.35015454e-01
 6.33589078e-01 7.37285160e-01
 6.39454970e-01 7.39581174e-01
 6.45292859e-01 7.41865932e-01
 6.51196118e-01 7.44175011e-01
 6.57070825e-01 7.46470630e-01
 6.62963671e-01 7.48770001e-01
 6.68921579e-01 7.51090576e-01
 6.74849759e-01 7.53394378e-01
 6.80842854e-01 7.55717116e-01
 6.86805318e-01 7.58020937e-01
 6.92832441e-01 7.60341617e-01
 6.98827956e-01 7.62641103e-01
 7.04887525e-01 7.64955169e-01
 7.10914745e-01 7.67246020e-01
 7.17005443e-01 7.69549154e-01
 7.23062674e-01 7.71826981e-01
 7.29183080e-01 7.74114904e-01
 7.35269145e-01 7.76375568e-01
 7.41417365e-01 7.78643934e-01
 7.47530105e-01 7.80883117e-01
 7.53655423e-01 7.83110022e-01
 7.59842394e-01 7.85341439e-01
 7.65992012e-01 7.87540803e-01
 7.72202379e-01 7.89742393e-01
 7.78374458e-01 7.91910281e-01
 7.84606288e-01 7.94078186e-01
 7.90798763e-01 7.96210738e-01
 7.97050162e-01 7.98341131e-01
 8.03261025e-01 8.00434638e-01
 8.09530010e-01 8.02523834e-01
 8.15757258e-01 8.04574770e-01
 8.22041916e-01 8.06619383e-01
 8.28283826e-01 8.08624424e-01
 8.34532439e-01 8.10605404e-01
 8.40837019e-01 8.12577051e-01
 8.47097215e-01 8.14507377e-01
 8.53412525e-01 8.16426407e-01
 8.59682168e-01 8.18303009e-01
 8.66006435e-01 8.20166613e-01
 8.72284255e-01 8.21986868e-01
 8.78615049e-01 8.23792143e-01
 8.84898302e-01 8.25553260e-01
 8.91234383e-01 8.27297880e-01
 8.97521817e-01 8.28997568e-01
 9.03860717e-01 8.30678953e-01
 9.10150188e-01 8.32314857e-01
 9.16440189e-01 8.33918301e-01
 9.22780533e-01 8.35501110e-01
 9.29070277e-01 8.37037723e-01
 9.35409724e-01 8.38552314e-01
 9.41697349e-01 8.40020294e-01
 9.48033479e-01 8.41464753e-01
 9.54317285e-01 8.42862448e-01
 9.60648871e-01 8.44235239e-01
 9.66927471e-01 8.45561052e-01
 9.73253068e-01 8.46860808e-01
 9.79524848e-01 8.48113446e-01
 9.85843038e-01 8.49338828e-01
 9.92106830e-01 8.50517160e-01
 9.98416130e-01 8.51667034e-01
 -9.95000000e-01 8.99999976e-01
 -9.94950480e-01 9.00008824e-01
 -9.88762938e-01 9.01097162e-01
 -9.82580101e-01 9.02150241e-01
 -9.76352597e-01 9.03175835e-01
 -9.70179969e-01 9.04157335e-01
 -9.63963286e-01 9.05110317e-01
 -9.57801599e-01 9.06019417e-01
 -9.51596460e-01 9.06898993e-01
 -9.45446251e-01 9.07735009e-01
 -9.39253179e-01 9.08540529e-01
 -9.33115597e-01 9.09302669e-01
 -9.26935145e-01 9.10033564e-01
 -9.20810592e-01 9.10721359e-01
 -9.14643735e-01 9.11377039e-01
 -9.08532676e-01 9.11990050e-01
 -9.02428594e-01 9.12565669e-01
 -8.96282583e-01 9.13108024e-01
 -8.90192689e-01 9.13608369e-01
 -8.84061325e-01 9.14074691e-01
 -8.77985763e-01 9.14499551e-01
 -8.71869372e-01 9.14889642e-01
 -8.65809129e-01 9.15238785e-01
 -8.59708080e-01 9.15552554e-01
 -8.53663147e-01 9.15825959e-01
 -8.47577694e-01 9.16063369e-01
 -8.41548256e-01 9.16261055e-01
 -8.35478466e-01 9.16422181e-01
 -8.29464673e-01 9.16544238e-01
 -8.23458671e-01 9.16628701e-01
 -8.17412410e-01 9.16675858e-01
 -8.11421985e-01 9.16684999e-01
 -8.05391456e-01 9.16656361e-01
 -7.99416622e-01 9.16590457e-01
 -7.93402040e-01 9.16486309e-01
 -7.87443070e-01 9.16345666e-01
 -7.81444080e-01 9.16166443e-01
 -7.75500685e-01 9.15951527e-01
 -7.69517474e-01 9.15697642e-01
 -7.63589330e-01 9.15408963e-01
 -7.57668771e-01 9.15083756e-01
 -7.51708376e-01 9.14719135e-01
 -7.45802966e-01 9.14321013e-01
 -7.39857691e-01 9.13883233e-01
 -7.33967070e-01 9.13412888e-01
 -7.28036657e-01 9.12902667e-01
 -7.22160390e-01 9.12360864e-01
 -7.16244321e-01 9.11779022e-01
 -7.10382141e-01 9.11166596e-01
 -7.04479938e-01 9.10514007e-01
 -6.98631376e-01 9.09831844e-01
 -6.92742688e-01 9.09109449e-01
 -6.86907100e-01 9.08358575e-01
 -6.81077900e-01 9.07573836e-01
 -6.75208564e-01 9.06748834e-01
 -6.69391949e-01 9.05896966e-01
 -6.63534577e-01 9.05004935e-01
 -6.57729745e-01 9.04087140e-01
 -6.51884308e-01 9.03129217e-01
 -6.46090838e-01 9.02146697e-01
 -6.40256472e-01 9.01124260e-01
 -6.34473441e-01 9.00078459e-01
 -6.28649453e-01 8.98992867e-01
 -6.22876870e-01 8.97885118e-01
 -6.17062721e-01 8.96737869e-01
 -6.11299410e-01 8.95569761e-01
 -6.05540781e-01 8.94372121e-01
 -5.99740443e-01 8.93135451e-01
 -5.93990397e-01 8.91879864e-01
 -5.88198229e-01 8.90585648e-01
 -5.82456058e-01 8.89273771e-01
 -5.76671920e-01 8.87923738e-01
 -5.70937213e-01 8.86557402e-01
 -5.65159931e-01 8.85153445e-01
 -5.59432027e-01 8.83734571e-01
 -5.53661502e-01 8.82278588e-01
 -5.47939789e-01 8.80809115e-01
 -5.42220885e-01 8.79315230e-01
 -5.36458828e-01 8.77785177e-01
 -5.30745169e-01 8.76243836e-01
 -5.24988076e-01 8.74667062e-01
 -5.19278889e-01 8.73080441e-01
 -5.13526354e-01 8.71459113e-01
 -5.07821663e-01 8.69829394e-01
 -5.02073251e-01 8.68165784e-01
 -4.96372085e-01 8.66495326e-01
 -4.90626906e-01 8.64791867e-01
 -4.84929040e-01 8.63083044e-01
 -4.79187162e-01 8.61342132e-01
 -4.73492230e-01 8.59597374e-01
 -4.67798567e-01 8.57835643e-01
 -4.62060436e-01 8.56043315e-01
 -4.56368630e-01 8.54249441e-01
 -4.50632526e-01 8.52425999e-01
 -4.44943025e-01 8.50602538e-01
 -4.39208856e-01 8.48750576e-01
 -4.33520776e-01 8.46900176e-01
 -4.27787939e-01 8.45022357e-01
 -4.22101442e-01 8.43147640e-01
 -4.16369886e-01 8.41246676e-01
 -4.10684436e-01 8.39350317e-01
 -4.04999679e-01 8.37444174e-01
 -3.99269738e-01 8.35513607e-01
 -3.93586021e-01 8.33589893e-01
 -3.87857135e-01 8.31642976e-01
 -3.82174366e-01 8.29704391e-01
 -3.76446549e-01 8.27743848e-01
 -3.70764428e-01 8.25793148e-01
 -3.65037341e-01 8.23821767e-01
 -3.59356387e-01 8.21861658e-01
 -3.53630425e-01 8.19882138e-01
 -3.47950224e-01 8.17915349e-01
 -3.42225263e-01 8.15930478e-01
 -3.36546145e-01 8.13959714e-01
 -3.30867837e-01 8.11987942e-01
 -3.25144737e-01 8.10000049e-01
 -3.19467713e-01 8.08028265e-01
 -3.13745895e-01 8.06041737e-01
 -3.08070395e-01 8.04072568e-01
 -3.02350273e-01 8.02090003e-01
 -2.96676360e-01 8.00126122e-01
 -2.90958146e-01 7.98150067e-01
 -2.85286233e-01 7.96193952e-01
 -2.79570019e-01 7.94227052e-01
 -2.73900457e-01 7.92281220e-01
 -2.68186667e-01 7.90325973e-01
 -2.62519653e-01 7.88392887e-01
 -2.56854041e-01 7.86467055e-01
 -2.51144567e-01 7.84533742e-01
 -2.45481867e-01 7.82624189e-01
 -2.39775716e-01 7.80708470e-01
 -2.34116528e-01 7.78817518e-01
 -2.28413874e-01 7.76921656e-01
 -2.22758548e-01 7.75051574e-01
 -2.17059963e-01 7.73177821e-01
 -2.11408782e-01 7.71330699e-01
 -2.05714551e-01 7.69481256e-01
 -2.00067840e-01 7.67659293e-01
 -1.94378462e-01 7.65836194e-01
 -1.88736712e-01 7.64041349e-01
 -1.83097406e-01 7.62260799e-01
 -1.77415686e-01 7.60480897e-01
 -1.71781949e-01 7.58730386e-01
 -1.66106018e-01 7.56981704e-01
 -1.60478241e-01 7.55263117e-01
 -1.54808531e-01 7.53547534e-01
 -1.49186860e-01 7.51862607e-01
 -1.43523404e-01 7.50181870e-01
 -1.37908382e-01 7.48532327e-01
 -1.32251970e-01 7.46888081e-01
 -1.26643941e-01 7.45275602e-01
 -1.20994557e-01 7.43669486e-01
 -1.15393675e-01 7.42095598e-01
 -1.09751868e-01 7.40529100e-01
 -1.04158707e-01 7.38995328e-01
 -9.85694342e-02 7.37482037e-01
 -9.29393695e-02 7.35977765e-01
 -8.73579228e-02 7.34506654e-01
 -8.17361127e-02 7.33045603e-01
 -7.61630190e-02 7.31618084e-01
 -7.05496691e-02 7.30201599e-01
 -6.49851872e-02 7.28818889e-01
 -5.93805033e-02 7.27448219e-01
 -5.38247516e-02 7.26111555e-01
 -4.82291740e-02 7.24787859e-01
 -4.26824897e-02 7.23498427e-01
 -3.70959360e-02 7.22222895e-01
 -3.15583938e-02 7.20981728e-01
 -2.60254554e-02 7.19765046e-01
 -2.04528700e-02 7.18563584e-01
 -1.49292970e-02 7.17396724e-01
 -9.36616653e-03 7.16246008e-01
 -3.85199836e-03 7.15129963e-01
 1.70140374e-03 7.14030990e-01
 7.20624074e-03 7.12966621e-01
 1.27500639e-02 7.11920239e-01
 1.82451121e-02 7.10908621e-01
 2.37792437e-02 7.09915716e-01
 2.92646181e-02 7.08957570e-01
 3.47890680e-02 7.08019028e-01
 4.02649387e-02 7.07115191e-01
 4.57360267e-02 7.06238646e-01
 5.12460385e-02 7.05382978e-01
 5.67075890e-02 7.04561929e-01
 6.22082433e-02 7.03762476e-01
 6.76604544e-02 7.02997566e-01
 7.31515649e-02 7.02255140e-01
 7.85945090e-02 7.01547148e-01
 8.40763469e-02 7.00862422e-01
 8.95102062e-02 7.00211947e-01
 9.49830673e-02 6.99585561e-01
 1.00408186e-01 6.98993288e-01
 1.05872181e-01 6.98425892e-01
 1.11288497e-01 6.97892491e-01
 1.16743889e-01 6.97384699e-01
 1.22151823e-01 6.96910762e-01
 1.27555718e-01 6.96466637e-01
 1.32998927e-01 6.96049260e-01
 1.38395086e-01 6.95665444e-01
 1.43830633e-01 6.95309146e-01
 1.49219327e-01 6.94986207e-01
 1.54647443e-01 6.94691593e-01
 1.60029060e-01 6.94430082e-01
 1.65450342e-01 6.94197650e-01
 1.70825306e-01 6.93998122e-01
 1.76240142e-01 6.93828421e-01
 1.81608941e-01 6.93691378e-01
 1.87017865e-01 6.93584908e-01
 1.92381136e-01 6.93510839e-01
 1.97741866e-01 6.93468304e-01
 2.03143040e-01 6.93457483e-01
 2.08499117e-01 6.93478647e-01
 2.13895954e-01 6.93532244e-01
 2.19248066e-01 6.93617544e-01
 2.24641274e-01 6.93736013e-01
 2.29990228e-01 6.93885855e-01
 2.35380572e-01 6.94069606e-01
 2.40726839e-01 6.94284466e-01
 2.46114850e-01 6.94533945e-01
 2.51459309e-01 6.94814175e-01
 2.56845984e-01 6.95129724e-01
 2.62189510e-01 6.95475670e-01
 2.67532908e-01 6.95854465e-01
 2.72919265e-01 6.96269596e-01
 2.78263110e-01 6.96714564e-01
 2.83650235e-01 6.97196559e-01
 2.88995406e-01 6.97707982e-01
 2.94384415e-01 6.98257041e-01
 2.99732091e-01 6.98835089e-01
 3.05124118e-01 6.99451398e-01
 3.10475103e-01 7.00096255e-01
 3.15871073e-01 7.00779989e-01
 3.21226394e-01 7.01491796e-01
 3.26627188e-01 7.02243061e-01
 3.31988013e-01 7.03021839e-01
 3.37352044e-01 7.03833924e-01
 3.42762512e-01 7.04686241e-01
 3.48133801e-01 7.05565237e-01
 3.53552041e-01 7.06484911e-01
 3.58931729e-01 7.07430636e-01
 3.64359043e-01 7.08417476e-01
 3.69748174e-01 7.09429693e-01
 3.75185674e-01 7.10483387e-01
 3.80585561e-01 7.11561757e-01
 3.86034480e-01 7.12681917e-01
 3.91446313e-01 7.13825952e-01
 3.96864736e-01 7.15002448e-01
 4.02333089e-01 7.16221107e-01
 4.07765207e-01 7.17462360e-01
 4.13248192e-01 7.18745891e-01
 4.18695246e-01 7.20051123e-01
 4.24193990e-01 7.21398762e-01
 4.29657109e-01 7.22767080e-01
 4.35172670e-01 7.24177773e-01
 4.40653192e-01 7.25608157e-01
 4.46186707e-01 7.27080817e-01
 4.51685675e-01 7.28572011e-01
 4.57238515e-01 7.30105267e-01
 4.62757122e-01 7.31655880e-01
 4.68285854e-01 7.33235519e-01
 4.73869361e-01 7.34856758e-01
 4.79419437e-01 7.36493398e-01
 4.85024873e-01 7.38171255e-01
 4.90596821e-01 7.39863182e-01
 4.96225034e-01 7.41595739e-01
 5.01820193e-01 7.43340898e-01
 5.07471932e-01 7.45126064e-01
 5.13090918e-01 7.46922363e-01
 5.18767246e-01 7.48757856e-01
 5.24410816e-01 7.50602893e-01
 5.30066971e-01 7.52471246e-01
 5.35781153e-01 7.54377561e-01
 5.41462804e-01 7.56290888e-01
 5.47202917e-01 7.58241187e-01
 5.52910658e-01 7.60196642e-01
 5.58677521e-01 7.62187852e-01
 5.64411763e-01 7.64182508e-01
 5.70205378e-01 7.66211708e-01
 5.75966389e-01 7.68242482e-01
 5.81787134e-01 7.70306458e-01
 5.87575115e-01 7.72370107e-01
 5.93423160e-01 7.74465581e-01
 5.99238193e-01 7.76558699e-01
 6.05066680e-01 7.78665207e-01
 6.10955466e-01 7.80801186e-01
 6.16810895e-01 7.82931874e-01
 6.22726796e-01 7.85090410e-01
 6.28608853e-01 7.87241644e-01
 6.34551382e-01 7.89419012e-01
 6.40459860e-01 7.91587010e-01
 6.46428661e-01 7.93779378e-01
 6.52362890e-01 7.95960403e-01
 6.58357354e-01 7.98163929e-01
 6.64316940e-01 8.00354041e-01
 6.70336541e-01 8.02564793e-01
 6.76320524e-01 8.04760102e-01
 6.82316653e-01 8.06956512e-01
 6.88372452e-01 8.09170626e-01
 6.94391649e-01 8.11366334e-01
 7.00470399e-01 8.13577775e-01
 7.06512134e-01 8.15768856e-01
 7.12612954e-01 8.17973667e-01
 7.18675825e-01 8.20156229e-01
 7.24797515e-01 8.22350523e-01
 7.30880588e-01 8.24520741e-01
 7.37022159e-01 8.26700572e-01
 7.43124260e-01 8.28854621e-01
 7.49284395e-01 8.31016249e-01
 7.55404268e-01 8.33150391e-01
 7.61532600e-01 8.35273154e-01
 7.67718070e-01 8.37400583e-01
 7.73862147e-01 8.39497940e-01
 7.80062886e-01 8.41598018e-01
 7.86221328e-01 8.43666515e-01
 7.92435718e-01 8.45735674e-01
 7.98607200e-01 8.47771832e-01
 8.04834256e-01 8.49806817e-01
 8.11017337e-01 8.51807414e-01
 8.17255108e-01 8.53804826e-01
 8.23448421e-01 8.55766614e-01
 8.29695741e-01 8.57723392e-01
 8.35897591e-01 8.59643356e-01
 8.42153023e-01 8.61556485e-01
 8.48362258e-01 8.63431734e-01
 8.54574517e-01 8.65283683e-01
 8.60839341e-01 8.67126149e-01
 8.67056761e-01 8.68929233e-01
 8.73326018e-01 8.70721218e-01
 8.79547287e-01 8.72472964e-01
 8.85819410e-01 8.74211876e-01
 8.92042937e-01 8.75909856e-01
 8.98316761e-01 8.77593369e-01
 9.04541255e-01 8.79235269e-01
 9.10815312e-01 8.80861189e-01
 9.17039520e-01 8.82444929e-01
 9.23312604e-01 8.84011185e-01
 9.29535011e-01 8.85534706e-01
 9.35755993e-01 8.87027516e-01
 9.42025133e-01 8.88500784e-01
 9.48242869e-01 8.89930818e-01
 9.54508183e-01 8.91339906e-01
 9.60721217e-01 8.92705292e-01
 9.66981089e-01 8.94048540e-01
 9.73188250e-01 8.95347881e-01
 9.79441776e-01 8.96623761e-01
 9.85642134e-01 8.97855686e-01
 9.91888202e-01 8.99062958e-01
 9.98080937e-01 9.00226214e-01
 -9.95000000e-01 9.49999988e-01
 -9.94952245e-01 9.50008774e-01
 -9.88985109e-01 9.51091173e-01
 -9.83022519e-01 9.52142157e-01
 -9.77016895e-01 9.53169439e-01
 -9.71063745e-01 9.54156492e-01
 -9.65067790e-01 9.55118881e-01
 -9.59124598e-01 9.56041054e-01
 -9.53139001e-01 9.56937636e-01
 -9.47206082e-01 9.57794202e-01
 -9.41231062e-01 9.58624160e-01
 -9.35308792e-01 9.59414264e-01
 -9.29344615e-01 9.60176934e-01
 -9.23433370e-01 9.60899871e-01
 -9.17480368e-01 9.61594516e-01
 -9.11580170e-01 9.62249715e-01
 -9.05685555e-01 9.62870976e-01
 -8.99749434e-01 9.63462719e-01
 -8.93866276e-01 9.64015336e-01
 -8.87941889e-01 9.64537610e-01
 -8.82070255e-01 9.65021154e-01
 -8.76157445e-01 9.65473587e-01
 -8.70297361e-01 9.65887627e-01
 -8.64396066e-01 9.66269837e-01
 -8.58547281e-01 9.66614061e-01
 -8.52657700e-01 9.66925653e-01
 -8.46820597e-01 9.67199634e-01
 -8.40942473e-01 9.67440358e-01
 -8.35116427e-01 9.67643961e-01
 -8.29296298e-01 9.67812333e-01
 -8.23435162e-01 9.67946421e-01
 -8.17625910e-01 9.68044093e-01
 -8.11775781e-01 9.68106818e-01
 -8.05977629e-01 9.68133556e-01
 -8.00138262e-01 9.68124788e-01
 -7.94350639e-01 9.68080566e-01
 -7.88521955e-01 9.68000206e-01
 -7.82744507e-01 9.67884999e-01
 -7.76925799e-01 9.67733101e-01
 -7.71158204e-01 9.67546913e-01
 -7.65395256e-01 9.67325415e-01
 -7.59591018e-01 9.67066400e-01
 -7.53837404e-01 9.66774027e-01
 -7.48042072e-01 9.66443687e-01
 -7.42297124e-01 9.66080626e-01
 -7.36510216e-01 9.65679145e-01
 -7.30773155e-01 9.65245641e-01
 -7.24994214e-01 9.64773251e-01
 -7.19264746e-01 9.64269547e-01
 -7.13493097e-01 9.63726558e-01
 -7.07770577e-01 9.63153005e-01
 -7.02005448e-01 9.62539834e-01
 -6.96288964e-01 9.61896887e-01
 -6.90575353e-01 9.61219515e-01
 -6.84818866e-01 9.60502032e-01
 -6.79110529e-01 9.59755980e-01
 -6.73358646e-01 9.58969614e-01
 -6.67654429e-01 9.58155518e-01
 -6.61906697e-01 9.57300856e-01
 -6.56206273e-01 9.56419372e-01
 -6.50461606e-01 9.55497181e-01
 -6.44763784e-01 9.54549144e-01
 -6.39021332e-01 9.53560279e-01
 -6.33325608e-01 9.52546460e-01
 -6.27585005e-01 9.51491762e-01
 -6.21890262e-01 9.50413188e-01
 -6.16195642e-01 9.49302813e-01
 -6.10455626e-01 9.48151555e-01
 -6.04761077e-01 9.46977977e-01
 -5.99020503e-01 9.45763681e-01
 -5.93324676e-01 9.44528278e-01
 -5.87582377e-01 9.43252305e-01
 -5.81884872e-01 9.41956301e-01
 -5.76140455e-01 9.40619954e-01
 -5.70440120e-01 9.39264842e-01
 -5.64692400e-01 9.37869714e-01
 -5.58988460e-01 9.36457102e-01
 -5.53282618e-01 9.35016406e-01
 -5.47528795e-01 9.33536274e-01
 -5.41818022e-01 9.32040669e-01
 -5.36058919e-01 9.30506061e-01
 -5.30342818e-01 9.28957304e-01
 -5.24577922e-01 9.27370155e-01
 -5.18855463e-01 9.25770350e-01
 -5.13083843e-01 9.24132777e-01
 -5.07354327e-01 9.22484007e-01
 -5.01575259e-01 9.20798153e-01
 -4.95838347e-01 9.19102580e-01
 -4.90051536e-01 9.17370794e-01
 -4.84306371e-01 9.15630863e-01
 -4.78556998e-01 9.13869713e-01
 -4.72757263e-01 9.12073627e-01
 -4.66999025e-01 9.10271755e-01
 -4.61190004e-01 9.08435938e-01
 -4.55422365e-01 9.06596061e-01
 -4.49603566e-01 9.04723342e-01
 -4.43826040e-01 9.02848162e-01
 -4.37997384e-01 9.00941206e-01
 -4.32209947e-01 8.99033515e-01
 -4.26370904e-01 8.97095274e-01
 -4.20573057e-01 8.95157998e-01
 -4.14770122e-01 8.93207051e-01
 -4.08915476e-01 8.91227466e-01
 -4.03101991e-01 8.89251432e-01
 -3.97236583e-01 8.87248113e-01
 -3.91412536e-01 8.85250015e-01
 -3.85536557e-01 8.83226054e-01
 -3.79701900e-01 8.81209102e-01
 -3.73815265e-01 8.79167667e-01
 -3.67970194e-01 8.77134977e-01
 -3.62073222e-01 8.75079307e-01
 -3.56217763e-01 8.73034087e-01
 -3.50310538e-01 8.70967421e-01
 -3.44445169e-01 8.68912903e-01
 -3.38574878e-01 8.66854985e-01
 -3.32652847e-01 8.64777938e-01
 -3.26773081e-01 8.62715542e-01
 -3.20841452e-01 8.60635659e-01
 -3.14952543e-01 8.58572039e-01
 -3.09012062e-01 8.56492509e-01
 -3.03114389e-01 8.54430926e-01
 -2.97165423e-01 8.52355003e-01
 -2.91259603e-01 8.50298568e-01
 -2.85302509e-01 8.48229502e-01
 -2.79389106e-01 8.46181382e-01
 -2.73424713e-01 8.44122286e-01
 -2.67504360e-01 8.42085578e-01
 -2.61580699e-01 8.40055759e-01
 -2.55606597e-01 8.38017327e-01
 -2.49676981e-01 8.36003438e-01
 -2.43697027e-01 8.33982653e-01
 -2.37762073e-01 8.31987689e-01
 -2.31777314e-01 8.29987388e-01
 -2.25837802e-01 8.28014224e-01
 -2.19848715e-01 8.26037358e-01
 -2.13905385e-01 8.24088805e-01
 -2.07912927e-01 8.22138082e-01
 -2.01966612e-01 8.20216848e-01
 -1.95971525e-01 8.18294996e-01
 -1.90022943e-01 8.16403701e-01
 -1.84073581e-01 8.14528267e-01
 -1.78076048e-01 8.12654460e-01
 -1.72125605e-01 8.10812737e-01
 -1.66127232e-01 8.08974204e-01
 -1.60176527e-01 8.07168560e-01
 -1.54178477e-01 8.05367530e-01
 -1.48228370e-01 8.03600275e-01
 -1.42231196e-01 8.01839085e-01
 -1.36282283e-01 8.00112462e-01
 -1.30286827e-01 7.98393282e-01
 -1.24340163e-01 7.96709331e-01
 -1.18347239e-01 7.95034219e-01
 -1.12403251e-01 7.93395003e-01
 -1.06413439e-01 7.91765909e-01
 -1.00473201e-01 7.90173312e-01
 -9.45350115e-02 7.88604597e-01
 -8.85514774e-02 7.87047924e-01
 -8.26177531e-02 7.85528432e-01
 -7.66391632e-02 7.84022324e-01
 -7.07108207e-02 7.82553787e-01
 -6.47380118e-02 7.81099775e-01
 -5.88156647e-02 7.79683781e-01
 -5.28491607e-02 7.78283468e-01
 -4.69333425e-02 7.76921441e-01
 -4.09736611e-02 7.75576289e-01
 -3.50648500e-02 7.74269611e-01
 -2.91125292e-02 7.72980909e-01
 -2.32113370e-02 7.71730975e-01
 -1.73142287e-02 7.70509704e-01
 -1.13741412e-02 7.69308005e-01
 -5.48539790e-03 7.68145262e-01
 4.46209592e-04 7.67003078e-01
 6.32617672e-03 7.65899932e-01
 1.22485127e-02 7.64818372e-01
 1.81191628e-02 7.63775879e-01
 2.40319987e-02 7.62755996e-01
 2.98930959e-02 7.61775127e-01
 3.57962549e-02 7.60817775e-01
 4.16474751e-02 7.59899394e-01
 4.75404642e-02 7.59005490e-01
 5.33816578e-02 7.58150484e-01
 5.92176898e-02 7.57327283e-01
 6.50950726e-02 7.56529918e-01
 7.09206047e-02 7.55771240e-01
 7.67875298e-02 7.55039207e-01
 8.26023985e-02 7.54345689e-01
 8.84584289e-02 7.53679721e-01
 9.42626236e-02 7.53051989e-01
 1.00107856e-01 7.52452633e-01
 1.05901286e-01 7.51891323e-01
 1.11735576e-01 7.51359178e-01
 1.17518288e-01 7.50864756e-01
 1.23341920e-01 7.50400284e-01
 1.29113867e-01 7.49973300e-01
 1.34926587e-01 7.49577016e-01
 1.40687819e-01 7.49217871e-01
 1.46443783e-01 7.48892670e-01
 1.52240547e-01 7.48599293e-01
 1.57986253e-01 7.48342480e-01
 1.63772734e-01 7.48118227e-01
 1.69508151e-01 7.47930172e-01
 1.75284396e-01 7.47775376e-01
 1.81010025e-01 7.47656331e-01
 1.86776609e-01 7.47571209e-01
 1.92492460e-01 7.47521475e-01
 1.98249308e-01 7.47506333e-01
 2.03955880e-01 7.47526078e-01
 2.09703745e-01 7.47581028e-01
 2.15401722e-01 7.47670353e-01
 2.21095452e-01 7.47794407e-01
 2.26830426e-01 7.47954644e-01
 2.32515968e-01 7.48148488e-01
 2.38243168e-01 7.48379058e-01
 2.43921063e-01 7.48642736e-01
 2.49640660e-01 7.48943733e-01
 2.55311425e-01 7.49277242e-01
 2.61024271e-01 7.49648576e-01
 2.66688720e-01 7.50051818e-01
 2.72395721e-01 7.50493361e-01
 2.78054548e-01 7.50966202e-01
 2.83756086e-01 7.51477844e-01
 2.89409824e-01 7.52020158e-01
 2.95061273e-01 7.52596971e-01
 3.00755907e-01 7.53213245e-01
 3.06403507e-01 7.53859111e-01
 3.12094770e-01 7.54544791e-01
 3.17739356e-01 7.55259363e-01
 3.23427830e-01 7.56014139e-01
 3.29070139e-01 7.56796990e-01
 3.34756830e-01 7.57620346e-01
 3.40397745e-01 7.58470970e-01
 3.46083551e-01 7.59362346e-01
 3.51724262e-01 7.60280131e-01
 3.57410012e-01 7.61238890e-01
 3.63050975e-01 7.62223224e-01
 3.68692478e-01 7.63240396e-01
 3.74379914e-01 7.64298703e-01
 3.80023280e-01 7.65381180e-01
 3.85713030e-01 7.66504881e-01
 3.91359106e-01 7.67651701e-01
 3.97052127e-01 7.68839764e-01
 4.02701912e-01 7.70049918e-01
 4.08399127e-01 7.71301258e-01
 4.14053581e-01 7.72573563e-01
 4.19756135e-01 7.73886857e-01
 4.25416246e-01 7.75219984e-01
 4.31079470e-01 7.76582951e-01
 4.36791334e-01 7.77986627e-01
 4.42461475e-01 7.79408291e-01
 4.48180989e-01 7.80870313e-01
 4.53858909e-01 7.82349091e-01
 4.59586658e-01 7.83867837e-01
 4.65273413e-01 7.85401988e-01
 4.71010230e-01 7.86975643e-01
 4.76706385e-01 7.88563306e-01
 4.82453379e-01 7.90189903e-01
 4.88159883e-01 7.91829059e-01
 4.93917379e-01 7.93506531e-01
 4.99634776e-01 7.95195109e-01
 5.05357950e-01 7.96907391e-01
 5.11133022e-01 7.98656754e-01
 5.16868208e-01 8.00414909e-01
 5.22655431e-01 8.02209374e-01
 5.28403063e-01 8.04011003e-01
 5.34203214e-01 8.05847929e-01
 5.39963945e-01 8.07690390e-01
 5.45777462e-01 8.09567167e-01
 5.51551656e-01 8.11447731e-01
 5.57378936e-01 8.13361498e-01
 5.63166997e-01 8.15277345e-01
 5.68962029e-01 8.17209708e-01
 5.74810462e-01 8.19173476e-01
 5.80619579e-01 8.21136749e-01
 5.86482403e-01 8.23130113e-01
 5.92305940e-01 8.25121136e-01
 5.98183300e-01 8.27140907e-01
 6.04021295e-01 8.29156544e-01
 6.09913230e-01 8.31199540e-01
 6.15765513e-01 8.33236633e-01
 6.21671868e-01 8.35299550e-01
 6.27538668e-01 8.37354720e-01
 6.33459408e-01 8.39434212e-01
 6.39340078e-01 8.41504227e-01
 6.45227692e-01 8.43580341e-01
 6.51169439e-01 8.45678336e-01
 6.57070752e-01 8.47764163e-01
 6.63026002e-01 8.49870278e-01
 6.68940694e-01 8.51962388e-01
 6.74909179e-01 8.54073142e-01
 6.80836578e-01 8.56168189e-01
 6.86817735e-01 8.58280168e-01
 6.92757499e-01 8.60374712e-01
 6.98750716e-01 8.62484503e-01
 7.04702096e-01 8.64575267e-01
 7.10706868e-01 8.66679429e-01
 7.16669515e-01 8.68762852e-01
 7.22637232e-01 8.70841484e-01
 7.28657837e-01 8.72931000e-01
 7.34635537e-01 8.74997453e-01
 7.40665839e-01 8.77073061e-01
 7.46652703e-01 8.79124160e-01
 7.52691889e-01 8.81182657e-01
 7.58687232e-01 8.83215184e-01
 7.64734339e-01 8.85253424e-01
 7.70737072e-01 8.87264301e-01
 7.76791323e-01 8.89279198e-01
 7.82800719e-01 8.91265362e-01
 7.88861139e-01 8.93253914e-01
 7.94876275e-01 8.95212532e-01
 8.00894000e-01 8.97156357e-01
 8.06962083e-01 8.99100041e-01
 8.12984004e-01 9.01012067e-01
 8.19056019e-01 9.02922342e-01
 8.25081413e-01 9.04799878e-01
 8.31156257e-01 9.06674086e-01
 8.37184053e-01 9.08514550e-01
 8.43261011e-01 9.10350169e-01
 8.49290261e-01 9.12151110e-01
 8.55368349e-01 9.13945674e-01
 8.61398258e-01 9.15704719e-01
 8.67476343e-01 9.17455937e-01
 8.73506036e-01 9.19170836e-01
 8.79583304e-01 9.20876403e-01
 8.85611636e-01 9.22545067e-01
 8.91639015e-01 9.24189832e-01
 8.97713483e-01 9.25823173e-01
 9.03738320e-01 9.27418607e-01
 9.09809706e-01 9.29001257e-01
 9.15831107e-01 9.30545522e-01
 9.21898691e-01 9.32075698e-01
 9.27915933e-01 9.33566998e-01
 9.33978961e-01 9.35042920e-01
 9.39991331e-01 9.36479572e-01
 9.46048956e-01 9.37899609e-01
 9.52055486e-01 9.39280073e-01
 9.58106947e-01 9.40642696e-01
 9.64107198e-01 9.41965459e-01
 9.70104029e-01 9.43259025e-01
 9.76144998e-01 9.44532986e-01
 9.82134388e-01 9.45766880e-01
 9.88167691e-01 9.46980093e-01
 9.94149049e-01 9.48153103e-01
 1.00017401e+00 9.49304268e-01
 -9.95000000e-01 1.00000000e+00
 -9.94954824e-01 1.00000858e+00
 -9.89310919e-01 1.00106701e+00
 -9.83671729e-01 1.00209779e+00
 -9.77992304e-01 1.00310857e+00
 -9.72362716e-01 1.00408316e+00
 -9.66692753e-01 1.00503696e+00
 -9.61072766e-01 1.00595453e+00
 -9.55412577e-01 1.00685041e+00
 -9.49802179e-01 1.00771018e+00
 -9.44151807e-01 1.00854737e+00
 -9.38551145e-01 1.00934852e+00
 -9.32910466e-01 1.01012632e+00
 -9.27319409e-01 1.01086814e+00
 -9.21688488e-01 1.01158575e+00
 -9.16107055e-01 1.01226756e+00
 -9.10530262e-01 1.01291927e+00
 -9.04913546e-01 1.01354559e+00
 -8.99346056e-01 1.01413634e+00
 -8.93738890e-01 1.01470080e+00
 -8.88180847e-01 1.01522991e+00
 -8.82582963e-01 1.01573198e+00
 -8.77034050e-01 1.01619889e+00
 -8.71445052e-01 1.01663807e+00
 -8.65904762e-01 1.01704231e+00
 -8.60324651e-01 1.01741791e+00
 -8.54793097e-01 1.01775884e+00
 -8.49221478e-01 1.01807042e+00
 -8.43698119e-01 1.01834760e+00
 -8.38178656e-01 1.01859286e+00
 -8.32619018e-01 1.01880763e+00
 -8.27107173e-01 1.01898844e+00
 -8.21554889e-01 1.01913805e+00
 -8.16050276e-01 1.01925395e+00
 -8.10505082e-01 1.01933791e+00
 -8.05007244e-01 1.01938849e+00
 -7.99468601e-01 1.01940642e+00
 -7.93976921e-01 1.01939132e+00
 -7.88444089e-01 1.01934288e+00
 -7.82957841e-01 1.01926176e+00
 -7.77474341e-01 1.01914759e+00
 -7.71949438e-01 1.01899901e+00
 -7.66470605e-01 1.01881831e+00
 -7.60949850e-01 1.01860256e+00
 -7.55475010e-01 1.01835505e+00
 -7.49958028e-01 1.01807180e+00
 -7.44486198e-01 1.01775727e+00
 -7.38971917e-01 1.01740635e+00
 -7.33502677e-01 1.01702454e+00
 -7.27990694e-01 1.01660568e+00
 -7.22523218e-01 1.01615642e+00
 -7.17012478e-01 1.01566953e+00
 -7.11545515e-01 1.01515278e+00
 -7.06078629e-01 1.01460234e+00
 -7.00568039e-01 1.01401340e+00
 -6.95100804e-01 1.01339530e+00
 -6.89589158e-01 1.01273818e+00
 -6.84120297e-01 1.01205252e+00
 -6.78606483e-01 1.01132731e+00
 -6.73135158e-01 1.01057413e+00
 -6.67618300e-01 1.00978095e+00
 -6.62143302e-01 1.00896046e+00
 -6.56622428e-01 1.00809949e+00
 -6.51142859e-01 1.00721188e+00
 -6.45616655e-01 1.00628345e+00
 -6.40131488e-01 1.00532904e+00
 -6.34643074e-01 1.00434151e+00
 -6.29107220e-01 1.00331272e+00
 -6.23611340e-01 1.00225912e+00
 -6.18067333e-01 1.00116401e+00
 -6.12563152e-01 1.00004488e+00
 -6.07010100e-01 9.98884117e-01
 -6.01496399e-01 9.97700189e-01
 -5.95933179e-01 9.96474369e-01
 -5.90408802e-01 9.95226422e-01
 -5.84834457e-01 9.93936547e-01
 -5.79298280e-01 9.92625548e-01
 -5.73755790e-01 9.91283482e-01
 -5.68162470e-01 9.89899601e-01
 -5.62606664e-01 9.88496151e-01
 -5.56999258e-01 9.87051023e-01
 -5.51428834e-01 9.85587523e-01
 -5.45806253e-01 9.84082521e-01
 -5.40220517e-01 9.82560334e-01
 -5.34581936e-01 9.80997021e-01
 -5.28979590e-01 9.79417810e-01
 -5.23323850e-01 9.77797899e-01
 -5.17704119e-01 9.76163422e-01
 -5.12030403e-01 9.74488739e-01
 -5.06392457e-01 9.72800882e-01
 -5.00744909e-01 9.71087305e-01
 -4.95042506e-01 9.69334431e-01
 -4.89375674e-01 9.67570619e-01
 -4.83653393e-01 9.65768266e-01
 -4.77966207e-01 9.63956647e-01
 -4.72223143e-01 9.62107326e-01
 -4.66515273e-01 9.60250338e-01
 -4.60751006e-01 9.58356638e-01
 -4.55021649e-01 9.56456975e-01
 -4.49235411e-01 9.54521695e-01
 -4.43484171e-01 9.52582214e-01
 -4.37721891e-01 9.50623929e-01
 -4.31902291e-01 9.48631768e-01
 -4.26117707e-01 9.46638049e-01
 -4.20275550e-01 9.44611704e-01
 -4.14468424e-01 9.42585717e-01
 -4.08603436e-01 9.40528483e-01
 -4.02773826e-01 9.38473443e-01
 -3.96886099e-01 9.36388632e-01
 -3.91033744e-01 9.34307991e-01
 -3.85123332e-01 9.32199076e-01
 -3.79248604e-01 9.30096254e-01
 -3.73315522e-01 9.27966810e-01
 -3.67418307e-01 9.25845431e-01
 -3.61510307e-01 9.23716109e-01
 -3.55544007e-01 9.21562655e-01
 -3.49614307e-01 9.19420177e-01
 -3.43626369e-01 9.17255339e-01
 -3.37675406e-01 9.15103417e-01
 -3.31666235e-01 9.12930984e-01
 -3.25694579e-01 9.10773306e-01
 -3.19664828e-01 9.08597009e-01
 -3.13673128e-01 9.06437415e-01
 -3.07623801e-01 9.04260944e-01
 -3.01612871e-01 9.02103176e-01
 -2.95544423e-01 8.99930448e-01
 -2.89515213e-01 8.97778164e-01
 -2.83477204e-01 8.95630029e-01
 -2.77382030e-01 8.93469790e-01
 -2.71326983e-01 8.91332705e-01
 -2.65215286e-01 8.89185477e-01
 -2.59144287e-01 8.87063057e-01
 -2.53017171e-01 8.84932422e-01
 -2.46931177e-01 8.82828267e-01
 -2.40789546e-01 8.80717794e-01
 -2.34690028e-01 8.78635394e-01
 -2.28535087e-01 8.76548593e-01
 -2.22422923e-01 8.74491317e-01
 -2.16256101e-01 8.72431550e-01
 -2.10132561e-01 8.70402738e-01
 -2.04003836e-01 8.68389331e-01
 -1.97821320e-01 8.66376205e-01
 -1.91683190e-01 8.64396031e-01
 -1.85491503e-01 8.62417931e-01
 -1.79345234e-01 8.60474083e-01
 -1.73146121e-01 8.58534084e-01
 -1.66992819e-01 8.56629413e-01
 -1.60787097e-01 8.54730316e-01
 -1.54628129e-01 8.52867714e-01
 -1.48417470e-01 8.51012366e-01
 -1.42253856e-01 8.49194410e-01
 -1.36039395e-01 8.47385445e-01
 -1.29872607e-01 8.45614757e-01
 -1.23655429e-01 8.43854685e-01
 -1.17486863e-01 8.42133667e-01
 -1.11317692e-01 8.40438298e-01
 -1.05098796e-01 8.38755692e-01
 -9.89294928e-02 8.37113381e-01
 -9.27112451e-02 8.35485457e-01
 -8.65429505e-02 8.33898317e-01
 -8.03262674e-02 8.32326988e-01
 -7.41599696e-02 8.30796892e-01
 -6.79458370e-02 8.29284093e-01
 -6.17827519e-02 8.27812975e-01
 -5.55724194e-02 8.26360424e-01
 -4.94137976e-02 8.24950024e-01
 -4.32084443e-02 8.23559538e-01
 -3.70549092e-02 8.22211361e-01
 -3.09042795e-02 8.20894741e-01
 -2.47078538e-02 8.19599931e-01
 -1.85641146e-02 8.18347800e-01
 -1.23748931e-02 8.17118581e-01
 -6.23869269e-03 8.15932174e-01
 -5.74200927e-05 8.14769857e-01
 6.07031397e-03 8.13650411e-01
 1.22425202e-02 8.12556142e-01
 1.83610584e-02 8.11504713e-01
 2.45236513e-02 8.10479551e-01
 3.06324525e-02 8.09497105e-01
 3.67847417e-02 8.08541944e-01
 4.28828720e-02 8.07629394e-01
 4.89755547e-02 8.06751970e-01
 5.51112964e-02 8.05903218e-01
 6.11926618e-02 8.05096803e-01
 6.73164904e-02 8.04320060e-01
 7.33856606e-02 8.03585401e-01
 7.94971528e-02 8.02881215e-01
 8.55538615e-02 8.02218826e-01
 9.16526771e-02 8.01587754e-01
 9.76967997e-02 8.00998079e-01
 1.03782670e-01 8.00440527e-01
 1.09813424e-01 7.99924087e-01
 1.15885616e-01 7.99440511e-01
 1.21902812e-01 7.98997571e-01
 1.27961264e-01 7.98588233e-01
 1.33964745e-01 7.98219057e-01
 1.39961397e-01 7.97886680e-01
 1.45999058e-01 7.97588920e-01
 1.51981795e-01 7.97330540e-01
 1.58005302e-01 7.97107435e-01
 1.63973975e-01 7.96923156e-01
 1.69983386e-01 7.96774737e-01
 1.75938093e-01 7.96664544e-01
 1.81933460e-01 7.96590789e-01
 1.87874246e-01 7.96554622e-01
 1.93855443e-01 7.96555455e-01
 1.99782218e-01 7.96593222e-01
 2.05749448e-01 7.96668476e-01
 2.11662550e-01 7.96779961e-01
 2.17569042e-01 7.96928039e-01
 2.23515959e-01 7.97114298e-01
 2.29409011e-01 7.97335700e-01
 2.35342651e-01 7.97595679e-01
 2.41222369e-01 7.97890063e-01
 2.47142660e-01 7.98223409e-01
 2.53009684e-01 7.98590309e-01
 2.58917340e-01 7.98996518e-01
 2.64772150e-01 7.99435438e-01
 2.70667555e-01 7.99913980e-01
 2.76510261e-01 8.00424380e-01
 2.82393748e-01 8.00974664e-01
 2.88224775e-01 8.01555916e-01
 2.94050104e-01 8.02172208e-01
 2.99916497e-01 8.02828671e-01
 3.05731010e-01 8.03514691e-01
 3.11586839e-01 8.04241051e-01
 3.17391212e-01 8.04995994e-01
 3.23237114e-01 8.05791374e-01
 3.29031730e-01 8.06614325e-01
 3.34868047e-01 8.07477756e-01
 3.40653671e-01 8.08367698e-01
 3.46481475e-01 8.09298126e-01
 3.52258862e-01 8.10254008e-01
 3.58078285e-01 8.11250344e-01
 3.63847853e-01 8.12271005e-01
 3.69613947e-01 8.13323455e-01
 3.75422492e-01 8.14416198e-01
 3.81181881e-01 8.15531495e-01
 3.86984074e-01 8.16686912e-01
 3.92737261e-01 8.17863719e-01
 3.98533827e-01 8.19080345e-01
 4.04282052e-01 8.20317117e-01
 4.10073702e-01 8.21593431e-01
 4.15817118e-01 8.22888602e-01
 4.21604366e-01 8.24222961e-01
 4.27344009e-01 8.25574847e-01
 4.33081875e-01 8.26954361e-01
 4.38864120e-01 8.28372377e-01
 4.44599041e-01 8.29805901e-01
 4.50378690e-01 8.31277450e-01
 4.56111410e-01 8.32763107e-01
 4.61889396e-01 8.34286115e-01
 4.67620684e-01 8.35821836e-01
 4.73397420e-01 8.37394290e-01
 4.79127800e-01 8.38977990e-01
 4.84903705e-01 8.40597715e-01
 4.90633757e-01 8.42227208e-01
 4.96409734e-01 8.43891949e-01
 5.02140051e-01 8.45564923e-01
 5.07870637e-01 8.47258666e-01
 5.13647364e-01 8.48986382e-01
 5.19378767e-01 8.50720050e-01
 5.25156576e-01 8.52486760e-01
 5.30889414e-01 8.54257826e-01
 5.36668885e-01 8.56060943e-01
 5.42403413e-01 8.57866824e-01
 5.48185090e-01 8.59703724e-01
 5.53921807e-01 8.61541791e-01
 5.59705557e-01 8.63409780e-01
 5.65444698e-01 8.65277341e-01
 5.71185275e-01 8.67158560e-01
 5.76973106e-01 8.69067968e-01
 5.82716306e-01 8.70974546e-01
 5.88506935e-01 8.72908102e-01
 5.94253121e-01 8.74837218e-01
 6.00047022e-01 8.76792005e-01
 6.05796311e-01 8.78740768e-01
 6.11593075e-01 8.80713960e-01
 6.17345450e-01 8.82679527e-01
 6.23145545e-01 8.84668152e-01
 6.28901045e-01 8.86647623e-01
 6.34704026e-01 8.88648839e-01
 6.40462571e-01 8.90639265e-01
 6.46222612e-01 8.92634074e-01
 6.52030142e-01 8.94648543e-01
 6.57792957e-01 8.96649971e-01
 6.63603318e-01 8.98669657e-01
 6.69368866e-01 9.00674803e-01
 6.75181685e-01 9.02696812e-01
 6.80949656e-01 9.04702807e-01
 6.86764968e-01 9.06724186e-01
 6.92535052e-01 9.08728175e-01
 6.98352286e-01 9.10746097e-01
 7.04124159e-01 9.12745255e-01
 7.09942998e-01 9.14756905e-01
 7.15716373e-01 9.16748454e-01
 7.21490507e-01 9.18735157e-01
 7.27311414e-01 9.20732212e-01
 7.33086323e-01 9.22707259e-01
 7.38907693e-01 9.24691199e-01
 7.44683052e-01 9.26651910e-01
 7.50504699e-01 9.28620058e-01
 7.56280211e-01 9.30563828e-01
 7.62101762e-01 9.32513639e-01
 7.67876560e-01 9.34437939e-01
 7.73697158e-01 9.36366926e-01
 7.79471164e-01 9.38269317e-01
 7.85290623e-01 9.40174953e-01
 7.91063030e-01 9.42053105e-01
 7.96834421e-01 9.43918226e-01
 8.02651066e-01 9.45784595e-01
 8.08420198e-01 9.47622004e-01
 8.14234197e-01 9.49459326e-01
 8.20000669e-01 9.51266827e-01
 8.25811648e-01 9.53072887e-01
 8.31574690e-01 9.54848337e-01
 8.37382032e-01 9.56621077e-01
 8.43141277e-01 9.58362451e-01
 8.48944448e-01 9.60099884e-01
 8.54699385e-01 9.61805259e-01
 8.60497966e-01 9.63505439e-01
 8.66248241e-01 9.65172976e-01
 8.72041866e-01 9.66834024e-01
 8.77786706e-01 9.68461860e-01
 8.83528729e-01 9.70069330e-01
 8.89313601e-01 9.71668557e-01
 8.95049503e-01 9.73233800e-01
 9.00828207e-01 9.74789721e-01
 9.06557764e-01 9.76311146e-01
 9.12329689e-01 9.77822138e-01
 9.18052291e-01 9.79298311e-01
 9.23817132e-01 9.80762867e-01
 9.29532478e-01 9.82192278e-01
 9.35289871e-01 9.83609074e-01
 9.40997523e-01 9.84990352e-01
 9.46746849e-01 9.86357991e-01
 9.52446514e-01 9.87689890e-01
 9.58142104e-01 9.88996723e-01
 9.63879037e-01 9.90288343e-01
 9.69566191e-01 9.91543944e-01
 9.75294534e-01 9.92783307e-01
 9.80973002e-01 9.93986574e-01
 9.86692290e-01 9.95172623e-01
 9.92361851e-01 9.96322439e-01
 9.98072037e-01 9.97454106e-01
 -9.95000000e-01 1.04999995e+00
 -9.94958089e-01 1.05000821e+00
 -9.89721576e-01 1.05102896e+00
 -9.84490004e-01 1.05202573e+00
 -9.79221398e-01 1.05300609e+00
 -9.73999103e-01 1.05395431e+00
 -9.68739830e-01 1.05488533e+00
 -9.63526960e-01 1.05578415e+00
 -9.58277032e-01 1.05666501e+00
 -9.53073143e-01 1.05751382e+00
 -9.47832145e-01 1.05834386e+00
 -9.42637158e-01 1.05914190e+00
 -9.37405038e-01 1.05992046e+00
 -9.32218691e-01 1.06066707e+00
 -9.26995091e-01 1.06139342e+00
 -9.21817053e-01 1.06208792e+00
 -9.16643124e-01 1.06275619e+00
 -9.11431822e-01 1.06340315e+00
 -9.06265762e-01 1.06401836e+00
 -9.01062127e-01 1.06461153e+00
 -8.95903526e-01 1.06517303e+00
 -8.90707386e-01 1.06571171e+00
 -8.85556032e-01 1.06621886e+00
 -8.80366777e-01 1.06670247e+00
 -8.75222106e-01 1.06715465e+00
 -8.70039576e-01 1.06758249e+00
 -8.64901249e-01 1.06797911e+00
 -8.59724853e-01 1.06835061e+00
 -8.54592433e-01 1.06869098e+00
 -8.49462719e-01 1.06900314e+00
 -8.44294532e-01 1.06928911e+00
 -8.39169746e-01 1.06954417e+00
 -8.34006336e-01 1.06977229e+00
 -8.28886172e-01 1.06996961e+00
 -8.23727042e-01 1.07013920e+00
 -8.18610741e-01 1.07027822e+00
 -8.13455302e-01 1.07038870e+00
 -8.08342229e-01 1.07046883e+00
 -8.03189734e-01 1.07051961e+00
 -7.98079349e-01 1.07054016e+00
 -7.92969991e-01 1.07053083e+00
 -7.87820565e-01 1.07049108e+00
 -7.82712653e-01 1.07042137e+00
 -7.77564345e-01 1.07032043e+00
 -7.72457128e-01 1.07018974e+00
 -7.67309093e-01 1.07002704e+00
 -7.62201792e-01 1.06983480e+00
 -7.57053253e-01 1.06960976e+00
 -7.51944994e-01 1.06935541e+00
 -7.46794998e-01 1.06906750e+00
 -7.41684824e-01 1.06875049e+00
 -7.36532312e-01 1.06839920e+00
 -7.31419221e-01 1.06801903e+00
 -7.26304426e-01 1.06760720e+00
 -7.21146608e-01 1.06715992e+00
 -7.16027318e-01 1.06668422e+00
 -7.10864579e-01 1.06617229e+00
 -7.05740025e-01 1.06563220e+00
 -7.00571337e-01 1.06505519e+00
 -6.95440131e-01 1.06445033e+00
 -6.90264248e-01 1.06380784e+00
 -6.85125567e-01 1.06313785e+00
 -6.79941375e-01 1.06242953e+00
 -6.74793837e-01 1.06169407e+00
 -6.69600271e-01 1.06091961e+00
 -6.64442774e-01 1.06011846e+00
 -6.59279702e-01 1.05928447e+00
 -6.54069602e-01 1.05841058e+00
 -6.48894742e-01 1.05751061e+00
 -6.43671961e-01 1.05657014e+00
 -6.38483846e-01 1.05560410e+00
 -6.33247211e-01 1.05459711e+00
 -6.28044661e-01 1.05356505e+00
 -6.22792841e-01 1.05249147e+00
 -6.17574624e-01 1.05139351e+00
 -6.12306051e-01 1.05025359e+00
 -6.07070754e-01 1.04908995e+00
 -6.01826441e-01 1.04789366e+00
 -5.96530681e-01 1.04665498e+00
 -5.91267290e-01 1.04539357e+00
 -5.85951651e-01 1.04408950e+00
 -5.80667785e-01 1.04276358e+00
 -5.75330854e-01 1.04139471e+00
 -5.70025353e-01 1.04000486e+00
 -5.64665963e-01 1.03857200e+00
 -5.59337434e-01 1.03711912e+00
 -5.53954153e-01 1.03562322e+00
 -5.48601362e-01 1.03410834e+00
 -5.43192983e-01 1.03255050e+00
 -5.37814677e-01 1.03097478e+00
 -5.32423198e-01 1.02936930e+00
 -5.26974786e-01 1.02772123e+00
 -5.21556003e-01 1.02605707e+00
 -5.16079803e-01 1.02435061e+00
 -5.10632677e-01 1.02262941e+00
 -5.05127356e-01 1.02086639e+00
 -4.99650950e-01 1.01908999e+00
 -4.94115504e-01 1.01727234e+00
 -4.88608807e-01 1.01544287e+00
 -4.83042374e-01 1.01357284e+00
 -4.77504565e-01 1.01169251e+00
 -4.71950843e-01 1.00978777e+00
 -4.66336556e-01 1.00784372e+00
 -4.60750698e-01 1.00589186e+00
 -4.55103690e-01 1.00390166e+00
 -4.49484851e-01 1.00190548e+00
 -4.43804550e-01 9.99872051e-01
 -4.38152668e-01 9.97834421e-01
 -4.32438560e-01 9.95760829e-01
 -4.26753124e-01 9.93684930e-01
 -4.21005175e-01 9.91574379e-01
 -4.15285808e-01 9.89463539e-01
 -4.09503790e-01 9.87319448e-01
 -4.03750746e-01 9.85177068e-01
 -3.97980859e-01 9.83020330e-01
 -3.92147725e-01 9.80832771e-01
 -3.86343965e-01 9.78650042e-01
 -3.80477133e-01 9.76438113e-01
 -3.74640117e-01 9.74233121e-01
 -3.68739818e-01 9.72000753e-01
 -3.62869815e-01 9.69777460e-01
 -3.56936478e-01 9.67528664e-01
 -3.51034139e-01 9.65291113e-01
 -3.45068480e-01 9.63029967e-01
 -3.39134487e-01 9.60782200e-01
 -3.33137415e-01 9.58512846e-01
 -3.27172649e-01 9.56259003e-01
 -3.21192845e-01 9.54003685e-01
 -3.15150168e-01 9.51729915e-01
 -3.09140857e-01 9.49474834e-01
 -3.03069209e-01 9.47203335e-01
 -2.97031788e-01 9.44952638e-01
 -2.90932309e-01 9.42687682e-01
 -2.84867804e-01 9.40445500e-01
 -2.78741735e-01 9.38191281e-01
 -2.72651628e-01 9.35961762e-01
 -2.66500337e-01 9.33722408e-01
 -2.60385992e-01 9.31509702e-01
 -2.54210934e-01 9.29289228e-01
 -2.48073812e-01 9.27097298e-01
 -2.41925988e-01 9.24917213e-01
 -2.35718221e-01 9.22732571e-01
 -2.29549929e-01 9.20579043e-01
 -2.23322638e-01 9.18423201e-01
 -2.17135452e-01 9.16300056e-01
 -2.10890145e-01 9.14176730e-01
 -2.04686095e-01 9.12087725e-01
 -1.98424263e-01 9.10000451e-01
 -1.92204810e-01 9.07949004e-01
 -1.85928406e-01 9.05901397e-01
 -1.79695273e-01 9.03890892e-01
 -1.73405990e-01 9.01886249e-01
 -1.67160910e-01 8.99919956e-01
 -1.60860272e-01 8.97961398e-01
 -1.54605060e-01 8.96042474e-01
 -1.48345141e-01 8.94148132e-01
 -1.42031356e-01 8.92264394e-01
 -1.35763986e-01 8.90421750e-01
 -1.29443423e-01 8.88591479e-01
 -1.23170175e-01 8.86803217e-01
 -1.16844294e-01 8.85028955e-01
 -1.10566798e-01 8.83297617e-01
 -1.04237438e-01 8.81581957e-01
 -9.79573746e-02 8.79909858e-01
 -9.16262719e-02 8.78255156e-01
 -8.53449042e-02 8.76644499e-01
 -7.90134819e-02 8.75052813e-01
 -7.27329313e-02 8.73505819e-01
 -6.64531644e-02 8.71991226e-01
 -6.01243421e-02 8.70497686e-01
 -5.38472522e-02 8.69049418e-01
 -4.75216464e-02 8.67623629e-01
 -4.12486663e-02 8.66243360e-01
 -3.49282292e-02 8.64886980e-01
 -2.86608387e-02 8.63576336e-01
 -2.23463660e-02 8.62290707e-01
 -1.60856142e-02 8.61050921e-01
 -9.77888149e-03 8.59837534e-01
 -3.52637288e-03 8.58670008e-01
 2.77200463e-03 8.57529875e-01
 9.01558469e-03 8.56435578e-01
 1.52540674e-02 8.55378147e-01
 2.15369933e-02 8.54349846e-01
 2.77647160e-02 8.53367125e-01
 3.40363875e-02 8.52414494e-01
 4.02523770e-02 8.51507230e-01
 4.65115251e-02 8.50631062e-01
 5.27145515e-02 8.49799986e-01
 5.89605861e-02 8.49000822e-01
 6.51502572e-02 8.48246367e-01
 7.13820215e-02 8.47524760e-01
 7.75572241e-02 8.46847429e-01
 8.37744943e-02 8.46203653e-01
 8.99348557e-02 8.45603729e-01
 9.61362427e-02 8.45038207e-01
 1.02280542e-01 8.44516014e-01
 1.08416789e-01 8.44032538e-01
 1.14593824e-01 8.43584402e-01
 1.20713472e-01 8.43178739e-01
 1.26873733e-01 8.42809007e-01
 1.32976496e-01 8.42481102e-01
 1.39119365e-01 8.42189742e-01
 1.45204580e-01 8.41939522e-01
 1.51329547e-01 8.41726371e-01
 1.57397153e-01 8.41553601e-01
 1.63504158e-01 8.41418389e-01
 1.69553506e-01 8.41322815e-01
 1.75642069e-01 8.41265238e-01
 1.81673249e-01 8.41246452e-01
 1.87695276e-01 8.41265751e-01
 1.93756338e-01 8.41323603e-01
 1.99760109e-01 8.41418970e-01
 2.05802371e-01 8.41553261e-01
 2.11787356e-01 8.41724179e-01
 2.17810876e-01 8.41934278e-01
 2.23777359e-01 8.42180058e-01
 2.29782236e-01 8.42465262e-01
 2.35730528e-01 8.42785142e-01
 2.41717230e-01 8.43144640e-01
 2.47647077e-01 8.43537860e-01
 2.53615113e-01 8.43970864e-01
 2.59526735e-01 8.44436539e-01
 2.65429477e-01 8.44937915e-01
 2.71370385e-01 8.45479219e-01
 2.77255063e-01 8.46051617e-01
 2.83177877e-01 8.46663956e-01
 2.89045303e-01 8.47306236e-01
 2.94950683e-01 8.47988486e-01
 3.00800632e-01 8.48699536e-01
 3.06688670e-01 8.49450503e-01
 3.12521498e-01 8.50229128e-01
 3.18392689e-01 8.51047547e-01
 3.24209277e-01 8.51892420e-01
 3.30064407e-01 8.52776943e-01
 3.35864655e-01 8.53686725e-01
 3.41657162e-01 8.54628279e-01
 3.47488387e-01 8.55609150e-01
 3.53265450e-01 8.56613452e-01
 3.59081055e-01 8.57656798e-01
 3.64843356e-01 8.58722268e-01
 3.70644330e-01 8.59826469e-01
 3.76391895e-01 8.60951483e-01
 3.82178365e-01 8.62114877e-01
 3.87912271e-01 8.63297760e-01
 3.93685098e-01 8.64518620e-01
 3.99405369e-01 8.65757606e-01
 4.05119316e-01 8.67023874e-01
 4.10872488e-01 8.68327366e-01
 4.16573914e-01 8.69646958e-01
 4.22314546e-01 8.71003269e-01
 4.28003731e-01 8.72374273e-01
 4.33732535e-01 8.73781432e-01
 4.39410216e-01 8.75201884e-01
 4.45127899e-01 8.76657815e-01
 4.50794620e-01 8.78125610e-01
 4.56501574e-01 8.79628241e-01
 4.62157712e-01 8.81141306e-01
 4.67853878e-01 8.82688486e-01
 4.73499881e-01 8.84244676e-01
 4.79141280e-01 8.85821474e-01
 4.84823129e-01 8.87431216e-01
 4.90455180e-01 8.89047764e-01
 4.96127866e-01 8.90696373e-01
 5.01751194e-01 8.92350349e-01
 5.07415017e-01 8.94035581e-01
 5.13029593e-01 8.95724720e-01
 5.18685185e-01 8.97444164e-01
 5.24291968e-01 8.99166033e-01
 5.29939419e-01 9.00917309e-01
 5.35538293e-01 9.02669572e-01
 5.41133431e-01 9.04436005e-01
 5.46769641e-01 9.06230331e-01
 5.52357783e-01 9.08023450e-01
 5.57986955e-01 9.09843466e-01
 5.63567938e-01 9.11660827e-01
 5.69190338e-01 9.13504010e-01
 5.74764751e-01 9.15343101e-01
 5.80380485e-01 9.17206962e-01
 5.85948627e-01 9.19065323e-01
 5.91557879e-01 9.20947326e-01
 5.97119437e-01 9.22822471e-01
 6.02722601e-01 9.24720132e-01
 6.08278225e-01 9.26609549e-01
 6.13830621e-01 9.28505163e-01
 6.19424431e-01 9.30421559e-01
 6.24971060e-01 9.32327724e-01
 6.30558963e-01 9.34253538e-01
 6.36099403e-01 9.36167814e-01
 6.41681255e-01 9.38100562e-01
 6.47216043e-01 9.40020481e-01
 6.52791921e-01 9.41957685e-01
 6.58320528e-01 9.43880839e-01
 6.63890453e-01 9.45820121e-01
 6.69413282e-01 9.47744119e-01
 6.74977103e-01 9.49683066e-01
 6.80493726e-01 9.51605559e-01
 6.86007362e-01 9.53526429e-01
 6.91562063e-01 9.55460456e-01
 6.97069602e-01 9.57376402e-01
 7.02618036e-01 9.59304289e-01
 7.08119271e-01 9.61213013e-01
 7.13661390e-01 9.63132523e-01
 7.19156100e-01 9.65031806e-01
 7.24691543e-01 9.66940710e-01
 7.30179656e-01 9.68828422e-01
 7.35708301e-01 9.70724627e-01
 7.41189688e-01 9.72598670e-01
 7.46711614e-01 9.74480043e-01
 7.52186027e-01 9.76338339e-01
 7.57657024e-01 9.78188097e-01
 7.63168271e-01 9.80043438e-01
 7.68631947e-01 9.81874521e-01
 7.74135557e-01 9.83710089e-01
 7.79591882e-01 9.85520552e-01
 7.85087983e-01 9.87334436e-01
 7.90536698e-01 9.89122540e-01
 7.96024930e-01 9.90912894e-01
 8.01465630e-01 9.92676754e-01
 8.06945922e-01 9.94441854e-01
 8.12378498e-01 9.96179734e-01
 8.17850616e-01 9.97917858e-01
 8.23274967e-01 9.99628192e-01
 8.28738545e-01 1.00133769e+00
 8.34154576e-01 1.00301882e+00
 8.39566109e-01 1.00468483e+00
 8.45016561e-01 1.00634851e+00
 8.50419429e-01 1.00798305e+00
 8.55861100e-01 1.00961431e+00
 8.61254950e-01 1.01121593e+00
 8.66687403e-01 1.01281326e+00
 8.72072315e-01 1.01438059e+00
 8.77495571e-01 1.01594268e+00
 8.82871095e-01 1.01747438e+00
 8.88284900e-01 1.01899988e+00
 8.93651270e-01 1.02049470e+00
 8.99055661e-01 1.02198237e+00
 9.04412325e-01 1.02343905e+00
 9.09764313e-01 1.02487630e+00
 9.15154251e-01 1.02630506e+00
 9.20496503e-01 1.02770244e+00
 9.25876565e-01 1.02909045e+00
 9.31209068e-01 1.03044683e+00
 9.36579445e-01 1.03179306e+00
 9.41902295e-01 1.03310747e+00
 9.47262657e-01 1.03441078e+00
 9.52575705e-01 1.03568218e+00
 9.57926161e-01 1.03694164e+00
 9.63229346e-01 1.03816908e+00
 9.68570042e-01 1.03938376e+00
 9.73863355e-01 1.04056628e+00
 9.79151708e-01 1.04172602e+00
 9.84477671e-01 1.04287192e+00
 9.89756435e-01 1.04398548e+00
 9.95072415e-01 1.04508429e+00
